# Initial configuration of rods
#
C 0 0.0035 1.061225 1.034581 0.854922 1.061225 1.034581 1.124086
C 1 0.0035 0.969723 0.960950 0.826146 0.969723 0.960950 1.083778
C 2 0.0035 0.987646 1.021964 0.852454 0.987646 1.021964 1.106143
C 3 0.0035 1.057701 0.997102 0.842080 1.057701 0.997102 1.095203
C 4 0.0035 0.965125 1.028563 0.837175 0.965125 1.028563 1.088497
C 5 0.0035 1.003667 0.975397 0.913307 1.003667 0.975397 1.163225
C 6 0.0035 1.009374 0.995247 0.825787 1.009374 0.995247 1.062988
C 7 0.0035 0.995280 1.062402 0.866511 0.995280 1.062402 1.103281
C 8 0.0035 1.042718 1.044914 0.834683 1.042718 1.044914 1.069338
C 9 0.0035 0.988948 1.039931 0.920092 0.988948 1.039931 1.149828
C 10 0.0035 0.982618 1.034757 0.952380 0.982618 1.034757 1.181534
C 11 0.0035 0.976900 0.975915 0.815165 0.976900 0.975915 1.042890
C 12 0.0035 0.921917 0.994570 0.883568 0.921917 0.994570 1.107362
C 13 0.0035 0.931517 1.019930 0.866489 0.931517 1.019930 1.084189
C 14 0.0035 1.039841 1.017400 0.920720 1.039841 1.017400 1.132745
C 15 0.0035 0.978058 1.021945 0.951136 0.978058 1.021945 1.158257
C 16 0.0035 0.981157 0.934485 0.855968 0.981157 0.934485 1.062479
C 17 0.0035 1.032466 1.065722 0.922530 1.032466 1.065722 1.123612
C 18 0.0035 1.030472 0.964424 0.933558 1.030472 0.964424 1.134493
C 19 0.0035 0.968719 0.942830 0.898092 0.968719 0.942830 1.097922
C 20 0.0035 1.030428 1.031697 0.880234 1.030428 1.031697 1.079497
C 21 0.0035 0.964307 0.980336 0.897714 0.964307 0.980336 1.093978
C 22 0.0035 0.974986 0.996028 0.903960 0.974986 0.996028 1.099434
C 23 0.0035 0.993832 0.945662 0.939736 0.993832 0.945662 1.135061
C 24 0.0035 1.050415 1.006109 0.906959 1.050415 1.006109 1.101523
C 25 0.0035 0.981681 0.990921 0.877175 0.981681 0.990921 1.069924
C 26 0.0035 1.014260 1.002615 0.905149 1.014260 1.002615 1.088250
C 27 0.0035 0.938577 0.974327 0.933901 0.938577 0.974327 1.116587
C 28 0.0035 0.998499 0.963392 0.844513 0.998499 0.963392 1.025382
C 29 0.0035 1.065145 0.986694 0.889204 1.065145 0.986694 1.066851
C 30 0.0035 1.006244 1.038482 0.886511 1.006244 1.038482 1.060495
C 31 0.0035 1.049644 0.957982 0.925184 1.049644 0.957982 1.092812
C 32 0.0035 1.042429 1.030684 0.859747 1.042429 1.030684 1.024246
C 33 0.0035 1.035260 0.989391 0.876375 1.035260 0.989391 1.040744
C 34 0.0035 0.982138 1.013671 0.953953 0.982138 1.013671 1.117856
C 35 0.0035 0.926223 1.010730 0.909922 0.926223 1.010730 1.072308
C 36 0.0035 0.989178 0.936464 0.916687 0.989178 0.936464 1.078873
C 37 0.0035 1.017147 0.974521 0.977132 1.017147 0.974521 1.138225
C 38 0.0035 1.043000 0.971516 0.900338 1.043000 0.971516 1.059872
C 39 0.0035 1.011163 1.024456 0.974211 1.011163 1.024456 1.133348
C 40 0.0035 0.942682 0.989544 0.880816 0.942682 0.989544 1.039488
C 41 0.0035 1.044591 1.055922 0.901008 1.044591 1.055922 1.054062
C 42 0.0035 0.996065 1.047118 0.935070 0.996065 1.047118 1.087522
C 43 0.0035 0.962446 0.954837 0.880845 0.962446 0.954837 1.028484
C 44 0.0035 0.971624 1.012332 0.857374 0.971624 1.012332 1.003729
C 45 0.0035 0.992694 0.993625 0.894729 0.992694 0.993625 1.038309
C 46 0.0035 1.048680 0.950027 0.904013 1.048680 0.950027 1.046664
C 47 0.0035 0.966162 1.020676 0.899289 0.966162 1.020676 1.041358
C 48 0.0035 1.019747 1.054516 0.980663 1.019747 1.054516 1.120558
C 49 0.0035 1.056432 0.979006 0.970618 1.056432 0.979006 1.110106
C 50 0.0035 1.026301 1.021530 0.877743 1.026301 1.021530 1.016884
C 51 0.0035 0.961012 1.037946 0.982860 0.961012 1.037946 1.121505
C 52 0.0035 0.939996 0.953500 0.931704 0.939996 0.953500 1.070010
C 53 0.0035 1.020666 0.995462 0.987804 1.020666 0.995462 1.124007
C 54 0.0035 0.945547 0.975219 0.967175 0.945547 0.975219 1.101404
C 55 0.0035 1.036675 0.955366 0.884690 1.036675 0.955366 1.017734
C 56 0.0035 0.986771 1.053480 0.922631 0.986771 1.053480 1.054037
C 57 0.0035 1.016909 0.929460 0.959194 1.016909 0.929460 1.090591
C 58 0.0035 1.001479 1.009623 0.861708 1.001479 1.009623 0.990249
C 59 0.0035 1.034625 1.006447 0.937538 1.034625 1.006447 1.062684
C 60 0.0035 1.015924 1.035988 0.983566 1.015924 1.035988 1.108314
C 61 0.0035 1.010895 0.950639 0.884300 1.010895 0.950639 1.008181
C 62 0.0035 0.976394 0.967693 0.998071 0.976394 0.967693 1.121891
C 63 0.0035 1.027621 0.984450 0.946123 1.027621 0.984450 1.069709
C 64 0.0035 1.038578 0.997797 0.886032 1.038578 0.997797 1.008647
C 65 0.0035 0.954018 0.995471 0.892031 0.954018 0.995471 1.011764
C 66 0.0035 0.939562 1.045352 0.962516 0.939562 1.045352 1.081579
C 67 0.0035 0.993231 1.032606 0.928890 0.993231 1.032606 1.047136
C 68 0.0035 1.016292 0.962203 0.992588 1.016292 0.962203 1.108026
C 69 0.0035 1.034715 1.042394 0.942928 1.034715 1.042394 1.057677
C 70 0.0035 1.007130 0.960748 0.973104 1.007130 0.960748 1.087501
C 71 0.0035 1.000682 0.996091 0.995251 1.000682 0.996091 1.109146
C 72 0.0035 0.988455 0.978636 0.942367 0.988455 0.978636 1.055680
C 73 0.0035 0.954135 0.963897 0.918317 0.954135 0.963897 1.028485
C 74 0.0035 1.010535 1.009206 0.887811 1.010535 1.009206 0.997018
C 75 0.0035 1.010788 0.942346 0.970968 1.010788 0.942346 1.079055
C 76 0.0035 0.997959 1.018949 0.892516 0.997959 1.018949 0.999915
C 77 0.0035 0.991580 0.986160 0.881807 0.991580 0.986160 0.988534
C 78 0.0035 0.972135 1.030991 0.885636 0.972135 1.030991 0.992059
C 79 0.0035 1.002717 0.984798 0.996156 1.002717 0.984798 1.101268
C 80 0.0035 1.034371 0.940781 0.975648 1.034371 0.940781 1.079975
C 81 0.0035 1.025375 0.976964 0.965322 1.025375 0.976964 1.069552
C 82 0.0035 1.026184 0.940821 0.988029 1.026184 0.940821 1.091603
C 83 0.0035 1.072057 0.994632 0.934212 1.072057 0.994632 1.037079
C 84 0.0035 0.974658 0.954992 0.917748 0.974658 0.954992 1.020056
C 85 0.0035 1.016912 0.945911 0.994216 1.016912 0.945911 1.096285
C 86 0.0035 0.938004 0.961076 0.946290 0.938004 0.961076 1.046663
C 87 0.0035 1.056535 1.024554 0.942397 1.056535 1.024554 1.042753
C 88 0.0035 0.957915 1.013223 0.948847 0.957915 1.013223 1.049106
C 89 0.0035 1.002877 1.057982 0.990939 1.002877 1.057982 1.090996
C 90 0.0035 1.046493 0.991174 0.889646 1.046493 0.991174 0.988997
C 91 0.0035 0.946196 1.010555 0.897598 0.946196 1.010555 0.996853
C 92 0.0035 0.967145 1.049624 0.900482 0.967145 1.049624 0.999521
C 93 0.0035 0.949987 1.029883 0.943886 0.949987 1.029883 1.042567
C 94 0.0035 1.032579 1.049782 1.001197 1.032579 1.049782 1.097093
C 95 0.0035 1.056851 1.017145 0.952629 1.056851 1.017145 1.045951
C 96 0.0035 0.956641 0.976496 0.986944 0.956641 0.976496 1.079852
C 97 0.0035 1.042387 1.062592 0.966713 1.042387 1.062592 1.059583
C 98 0.0035 0.934272 1.011563 0.957168 0.934272 1.011563 1.049524
C 99 0.0035 0.952619 1.052561 0.929191 0.952619 1.052561 1.020950
